.Random.seed <-
c(403L, 1L, -892323395L, 1393742644L, 1488631962L, 682303205L, 
-1800767361L, 489042438L, -91939440L, -1028538317L, -408571951L, 
-419846784L, 1776068702L, -1041299543L, 1448492635L, -704372118L, 
-1208021236L, -1372444337L, 1720226309L, -637288260L, -729192046L, 
-1895628147L, 1715646663L, 1092044206L, -853389304L, -1015528437L, 
1578238185L, -2128642120L, -2047584154L, -37287679L, 1452490643L, 
1378242626L, -1209821196L, -1373060617L, 641156589L, 343901828L, 
11499690L, 95372821L, -132048209L, -385331018L, -206090528L, 
441930275L, -2136015551L, 338903088L, 180345422L, 1788354233L, 
1771727563L, 1823058810L, -1786029444L, -1467584833L, -867018859L, 
-1403580500L, 769904002L, 218583901L, -1250034089L, 601791806L, 
-1859555976L, -1707573669L, 970561977L, 400272392L, -229755210L, 
1619346929L, 697195555L, 957690994L, -1636636988L, -651083641L, 
-385137571L, 1848568404L, 562675834L, -1750285371L, -2002389729L, 
652235942L, -1294440912L, 1920285907L, -384306447L, 1518404128L, 
-761961282L, -1486057271L, 511906427L, -297519030L, -492877652L, 
983052207L, -120620187L, -2143579876L, -635594382L, 442763757L, 
-562078169L, 2110492238L, -136629592L, -1491988309L, -1061013047L, 
-896559656L, 2126767238L, 1673595233L, -1537405709L, -1115868318L, 
-1656308268L, -1119323945L, 1463421645L, -1432954268L, -1424551862L, 
2061522357L, -1977927409L, 101525014L, 923590848L, -1551141245L, 
-815320415L, -650996592L, 1605975918L, 1319278873L, -1972373077L, 
-1198270566L, -886651044L, 717215327L, 1044833845L, -91159092L, 
-420395742L, -267948163L, 1377944695L, 2116942238L, -1752993704L, 
-155193925L, 1003357017L, 836530408L, 2117783830L, 179073681L, 
970063683L, -2124129710L, 1952247012L, 948467495L, -1449692291L, 
580585076L, 1405909082L, 349831333L, -989846849L, 1056766278L, 
264097744L, -204764685L, -715447023L, 1417019712L, -1543999202L, 
513426921L, 363267867L, -93720278L, 1779313228L, -2039630321L, 
-1455433403L, 690307836L, -751290030L, 663473869L, -188651897L, 
740602222L, -1615312056L, -1852485813L, 948836009L, -1055855624L, 
139711270L, 1124766785L, -1798457901L, 1893463938L, 1269283764L, 
-1698901193L, -1762086355L, 924791620L, 786454634L, -1179172139L, 
-1409155985L, -1008159370L, 183926432L, -2135770269L, 191844353L, 
-1691436176L, 24949518L, 1684311417L, 226633995L, -1805264326L, 
1853395260L, 849591935L, -1011620395L, -402400276L, -1838523070L, 
589718173L, -1865068777L, -349737346L, -2040541640L, -1811580645L, 
68902521L, -295888184L, -855241994L, 1471546161L, -2090183837L, 
1362307378L, -229631356L, 345405127L, 1547812253L, 189290772L, 
-156584006L, -261987835L, 526119903L, 661719654L, 587449840L, 
-1761967341L, -1248875343L, 1546415968L, -1846055682L, -837309303L, 
1904413627L, -1325980278L, 465757292L, 566722031L, -57838043L, 
-1187753252L, -1171044174L, -1730344019L, 78401383L, 1757813902L, 
1379129704L, 2068859243L, -1102804215L, -924361320L, -1506128698L, 
-1685957087L, 1439839923L, 1908694050L, -1636899308L, 1202018967L, 
-702114675L, 486021540L, 1848148874L, -320616742L, -250043504L, 
2110738684L, -1791104620L, -256132286L, -934350336L, -2058619844L, 
528722512L, -1654877022L, 587032392L, 1057400332L, 1968051932L, 
434151506L, 1983942784L, -137301164L, 632230888L, 1657279226L, 
1815629648L, -235155412L, 469815668L, 1678731922L, -19082656L, 
-680395636L, 1530342752L, 1482555618L, 1055938728L, -1005731124L, 
950715900L, 1982306226L, -1904496656L, -567984700L, 63621464L, 
636792186L, -1842291280L, 1607539132L, -661640620L, -1414582846L, 
689900320L, -1686312004L, -460655536L, -824666142L, -1881449624L, 
681142092L, -1104094468L, 765055730L, -1439731456L, -24112012L, 
72694280L, -62529094L, 406059472L, 1208849388L, -854272108L, 
-2047236910L, -1748234144L, -510838452L, 1663229728L, 1389912706L, 
-884985368L, -1356282900L, -2100298180L, 1879773810L, -1558751376L, 
-1908834012L, 145849912L, -67228262L, -1181903408L, 1777463740L, 
438868628L, -1897646462L, -1562543680L, -2005704900L, -848050544L, 
-1798323422L, -235721208L, -779442420L, 1601544092L, 1073346578L, 
1089635200L, -1236582636L, -1939822296L, -1262880710L, 465643472L, 
-164838804L, -2094480332L, -1337414510L, -1474906784L, -589897396L, 
1067704800L, -880756830L, 1618304936L, 450186380L, -830559300L, 
-1327824782L, 772674544L, -422231996L, 1387435096L, 1009682490L, 
2123628656L, -929543620L, -130970860L, -1943839038L, -549970208L, 
777340028L, 1147252944L, -561142878L, 319578664L, 1976048908L, 
-1978422340L, -1312305870L, 627934400L, -303972812L, -604379448L, 
2112753338L, 1228523664L, -1600722196L, 2110579284L, 1515546258L, 
-1280025824L, -1073783860L, 177091808L, 420985538L, -1732952024L, 
1334731692L, -1104915780L, 831725042L, 1034907184L, 72386468L, 
-417012296L, -520468646L, -1213462384L, 438543228L, -1282680044L, 
-1501691582L, -1876434176L, 1367287740L, 445555536L, -333271774L, 
-149875128L, -1119967220L, -1866381220L, 967872978L, 2067116544L, 
1785624916L, 1528284392L, -859489030L, -42049840L, -1954192084L, 
-145749772L, -427356782L, -1782263456L, -1570566132L, 1326675680L, 
1797089890L, 2133092008L, 1069467212L, -229072004L, -443914958L, 
-986843536L, 596052804L, 2142077912L, -2018259078L, -1037022672L, 
1143335868L, 1593250388L, -1742797758L, 494141600L, 270891708L, 
804371920L, 37635938L, 698665704L, 1034966220L, -1024438788L, 
1607940594L, 496588416L, 1500747252L, -1938558328L, -368337094L, 
820838224L, -1892402068L, -895486572L, -194247598L, 777460192L, 
-263672628L, 1857644704L, 555780482L, 93001960L, -1284646164L, 
-2000796356L, -1857387406L, -1905095568L, -1502817244L, -1806610376L, 
1471865626L, -388078384L, -1114221764L, 310976404L, 192747394L, 
-10277440L, 1886794300L, 86702480L, -1984785886L, -1829810936L, 
-422042996L, 1901102876L, 577742994L, 839854464L, 233925140L, 
-885857496L, -677323206L, 755290576L, -1639582356L, 961407924L, 
1517620242L, -837658144L, 3120076L, -788576032L, -1143324638L, 
172690728L, -2065256948L, 1202010940L, 646693874L, -848142608L, 
-2069749180L, -18043304L, -17939654L, -160390672L, 682225340L, 
1082999867L, -726054115L, -523992630L, -777377048L, 1279516113L, 
-79228989L, 1122326724L, 152676210L, 1031608903L, 2123835921L, 
-764910698L, 1779164916L, -2001516411L, 1525087695L, 1291438280L, 
832397670L, -721136749L, 1233788149L, 960642258L, 1423256352L, 
-1771805943L, -162233285L, 1502841228L, 1138450458L, -2081059697L, 
495940569L, 1350497390L, 546723836L, -490353299L, -1299953897L, 
126203616L, 242582718L, -68152693L, -1028859635L, -80491206L, 
-122401416L, 1328039713L, 496787411L, 1327105780L, -1657546878L, 
339050007L, -1837017887L, -1830768090L, -1214319836L, -1224860715L, 
-62801025L, 115818008L, 753419574L, 457071555L, 2086896133L, 
-141239902L, -903586416L, 1578478905L, -1341625877L, 1955195612L, 
157601546L, -1295531521L, -61061047L, 2075910622L, -600323700L, 
-162847395L, -1594112665L, 1858213520L, 1620310190L, 1239939419L, 
-89346755L, -627908694L, 1412397128L, 1381847153L, -811057693L, 
251377892L, -666151918L, 1039704039L, -1078671439L, 1219467766L, 
1571660820L, -1689986267L, 908082223L, 1970138600L, -1205646650L, 
493867891L, 276732885L, 1312727986L, -213961344L, 1164356969L, 
-351698469L, 263973164L, 154520378L, 1406100975L, 1757970553L, 
-2014893298L, -116056356L, 654683469L, 819249335L, 450968128L, 
543523614L, -594277909L, 262767981L, 1119087578L, -736117352L, 
628696065L, -1349265997L, -916063020L, 2007362018L, 1114760311L, 
2142484929L, -2089401530L, -1541173628L, 2070337589L, 1735641119L, 
1038151544L, -2063055274L, -1985668381L, 439737509L, 142181698L, 
565498672L, -1686603943L, -741286709L, 900017468L, 956737898L, 
-772856929L, -1604706775L, -873234242L, -1641588308L, -40630531L, 
683262535L, -348581584L, -2043930034L, 282624635L, -1554980387L, 
-1937266678L, -1123501784L, 303564689L, -1495987837L, -930683260L, 
1820775602L, 1609196551L, -883101615L, 1092591574L, -169824588L, 
-1149268283L, 698925071L, -1417097080L, 2112188838L, 1830005075L, 
-901784907L, 1159262226L, -1402125856L, 173159497L, -22764933L, 
